sequence_num,real_vas,vas_predicted,error
156,0,2,2
144,2,2,0
125,2,7,5
137,8,4,4
139,4,2,2
148,1,3,2
130,0,3,3
134,9,7,2
146,2,2,0
138,0,2,2
157,2,1,1
128,4,5,1
145,5,7,2
152,4,4,0
131,8,5,3
133,9,5,4
136,0,2,2
150,4,5,1
127,2,6,4
149,4,2,2
141,0,2,2
155,4,6,2
129,8,6,2
124,0,4,4
147,8,5,3
143,1,4,3
151,2,4,2
140,0,4,4
153,0,2,2
122,7,3,4
126,0,4,4
154,1,2,1
135,6,3,3
123,0,3,3
142,6,4,2
132,9,4,5
15,3,3,0
114,9,9,0
108,6,6,0
109,1,1,0
74,0,0,0
52,0,0,0
181,7,7,0
159,4,4,0
112,6,6,0
45,0,0,0
192,8,8,0
172,0,0,0
44,2,2,0
97,4,4,0
32,5,5,0
102,0,0,0
78,5,5,0
2,0,0,0
18,1,1,0
99,0,0,0
30,8,8,0
42,2,2,0
31,3,3,0
80,3,3,0
158,3,3,0
93,3,3,0
58,3,3,0
191,1,1,0
40,1,1,0
104,0,0,0
176,1,1,0
183,8,8,0
8,3,3,0
113,1,1,0
28,3,3,0
43,0,0,0
10,1,1,0
89,1,1,0
120,8,8,0
189,10,10,0
70,2,2,0
56,3,3,0
190,8,8,0
161,6,6,0
169,2,2,0
4,0,0,0
91,6,6,0
194,7,7,0
26,3,3,0
100,0,0,0
65,2,2,0
11,8,8,0
196,6,6,0
17,8,8,0
178,1,1,0
35,1,1,0
84,9,9,0
105,5,5,0
180,0,0,0
41,7,7,0
55,2,2,0
68,1,1,0
88,8,8,0
185,1,1,0
51,2,2,0
63,2,2,0
85,4,4,0
75,8,8,0
22,3,3,0
107,1,1,0
115,1,1,0
3,1,1,0
121,1,1,0
160,2,2,0
188,1,1,0
53,4,4,0
111,1,1,0
195,5,5,0
96,0,0,0
0,0,0,0
38,1,1,0
37,1,1,0
167,4,4,0
94,0,0,0
163,5,5,0
173,0,0,0
170,0,0,0
46,1,1,0
59,1,1,0
184,8,8,0
171,5,5,0
110,3,3,0
12,1,1,0
116,8,8,0
199,0,0,0
186,7,7,0
117,1,1,0
179,1,1,0
87,2,2,0
198,2,2,0
48,6,6,0
64,2,2,0
36,2,2,0
69,6,6,0
9,2,2,0
7,10,10,0
50,0,0,0
164,1,1,0
34,8,8,0
60,6,6,0
73,1,1,0
162,2,2,0
24,3,3,0
14,9,9,0
187,1,1,0
168,0,0,0
21,2,2,0
166,1,1,0
1,2,2,0
86,4,4,0
98,1,1,0
25,4,4,0
182,1,1,0
81,3,3,0
66,3,3,0
197,3,3,0
118,9,9,0
62,4,4,0
101,4,4,0
61,5,5,0
33,6,6,0
119,1,1,0
27,4,4,0
29,4,4,0
177,0,0,0
13,8,8,0
5,1,1,0
6,0,0,0
82,3,3,0
47,0,0,0
57,1,1,0
54,0,0,0
71,4,4,0
39,1,1,0
106,9,9,0
103,0,0,0
19,3,3,0
165,4,4,0
95,4,4,0
20,9,9,0
72,3,3,0
92,2,2,0
174,5,5,0
77,8,8,0
76,4,4,0
16,9,9,0
175,1,1,0
193,1,1,0
83,5,5,0
23,3,3,0
90,5,5,0
67,1,1,0
49,1,1,0
79,7,7,0
