sequence_num,real_vas,vas_predicted,error
154,1,8,7
124,0,8,8
123,0,9,9
149,4,3,1
155,4,0,4
157,2,3,1
152,4,7,3
133,9,4,5
143,1,9,8
126,0,4,4
122,7,4,3
150,4,8,4
134,9,4,5
125,2,4,2
139,4,1,3
140,0,8,8
138,0,4,4
136,0,7,7
135,6,4,2
146,2,1,1
147,8,8,0
141,0,2,2
131,8,7,1
151,2,3,1
128,4,7,3
130,0,1,1
127,2,2,0
145,5,7,2
156,0,1,1
137,8,3,5
132,9,8,1
129,8,2,6
142,6,3,3
148,1,2,1
153,0,3,3
144,2,3,1
49,1,3,2
180,0,1,1
120,8,8,0
173,0,0,0
63,2,2,0
36,2,1,1
0,0,0,0
95,4,4,0
34,8,8,0
179,1,1,0
42,2,3,1
110,3,4,1
190,8,7,1
82,3,3,0
66,3,2,1
83,5,7,2
4,0,0,0
105,5,4,1
51,2,2,0
188,1,1,0
185,1,2,1
10,1,1,0
8,3,4,1
89,1,1,0
28,3,2,1
88,8,8,0
13,8,7,1
104,0,0,0
189,10,7,3
102,0,0,0
159,4,4,0
11,8,7,1
73,1,2,1
59,1,4,3
54,0,0,0
69,6,8,2
175,1,1,0
91,6,4,2
177,0,0,0
191,1,1,0
2,0,0,0
64,2,2,0
44,2,2,0
20,9,9,0
40,1,1,0
107,1,1,0
62,4,4,0
170,0,1,1
21,2,3,1
161,6,4,2
5,1,3,2
90,5,4,1
112,6,8,2
97,4,3,1
162,2,3,1
65,2,2,0
56,3,1,2
48,6,4,2
71,4,4,0
9,2,3,1
47,0,0,0
196,6,4,2
181,7,8,1
57,1,3,2
55,2,1,1
169,2,1,1
193,1,1,0
172,0,0,0
84,9,8,1
158,3,4,1
166,1,1,0
86,4,4,0
7,10,9,1
46,1,3,2
22,3,3,0
27,4,3,1
50,0,1,1
39,1,1,0
176,1,1,0
79,7,7,0
167,4,4,0
119,1,2,1
117,1,1,0
111,1,1,0
16,9,8,1
33,6,7,1
182,1,3,2
195,5,4,1
23,3,2,1
72,3,4,1
160,2,1,1
109,1,2,1
92,2,3,1
114,9,9,0
199,0,2,2
6,0,1,1
53,4,3,1
168,0,0,0
197,3,4,1
26,3,2,1
24,3,3,0
60,6,7,1
163,5,2,3
194,7,4,3
115,1,2,1
70,2,2,0
18,1,1,0
31,3,4,1
30,8,9,1
98,1,1,0
37,1,2,1
67,1,1,0
87,2,3,1
78,5,4,1
165,4,4,0
106,9,8,1
19,3,4,1
3,1,2,1
183,8,7,1
93,3,3,0
94,0,1,1
80,3,2,1
74,0,1,1
76,4,3,1
75,8,3,5
38,1,2,1
121,1,3,2
41,7,8,1
192,8,6,2
96,0,1,1
164,1,2,1
178,1,1,0
171,5,4,1
77,8,8,0
118,9,9,0
174,5,3,2
12,1,1,0
113,1,1,0
58,3,3,0
35,1,1,0
1,2,2,0
17,8,9,1
29,4,4,0
100,0,0,0
101,4,4,0
99,0,1,1
103,0,0,0
116,8,9,1
187,1,0,1
14,9,9,0
198,2,4,2
184,8,8,0
52,0,0,0
25,4,3,1
43,0,0,0
85,4,3,1
45,0,1,1
32,5,7,2
61,5,7,2
108,6,7,1
186,7,8,1
68,1,1,0
81,3,6,3
15,3,4,1
